0 0.6573991504548851 0.26942237957847803 0.805316091954023 0.268206716954023 0.8051220824950566 0.24460042585407535 0.6572051409959188 0.2458160884785304
0 0.11103049414068289 0.52435379206866 0.1279446788471267 0.5242964240254112 0.1278039614686387 0.4828078252103928 0.11088977676219489 0.48286519325364163
0 0.2830176396358611 0.9315801031096339 0.3939931953723344 0.9305172982759083 0.39382636118048414 0.913096868325913 0.2828508054440108 0.9141596731596385
0 0.45063188924566194 0.9315162789788112 0.5668789055872601 0.9303060037039492 0.566693869688359 0.9125332939658299 0.4504468533467609 0.9137435692406919
0 0.10343617987557491 0.9312887801740685 0.19397311928890693 0.930708380189914 0.19386132764891545 0.913269935646244 0.10332438823558343 0.9138503356303985
0 0.10752894629692188 0.6770697473656766 0.29499481214170403 0.676297639103087 0.29491616140151866 0.6572014451849826 0.1074502955567365 0.6579735534475721
0 0.34966304226352696 0.6772602525265018 0.48611930302814577 0.6769031676992833 0.4860686428980636 0.6575439247577389 0.3496123821334448 0.6579010095849575
0 0.776937497106348 0.9332039319764202 0.8051134792120956 0.9312303530210465 0.8038064117757932 0.9125698841322835 0.7756304296700455 0.9145434630876571
0 0.6571594403719573 0.24705070036734644 0.6739612493764525 0.24682119692268656 0.671604759838614 0.07430401664887364 0.6548029508341188 0.07453352009353355
0 0.2658828454801089 0.576111088267187 0.2835672855601865 0.5761782781974251 0.2839015764406675 0.48819266749300577 0.26621713636058986 0.48812547756276775
0 0.6245635705778135 0.6102484466166364 0.8034766675252315 0.6083466411643884 0.8032734436204897 0.5892282722859515 0.6243603466730717 0.5911300777381995
0 0.12686218487190815 0.5041924348517082 0.5642079121148067 0.5023581105802839 0.5641074929295082 0.47841583259396603 0.1267617656866097 0.4802501568653903
0 0.5419142800361803 0.8481397146710586 0.7992755574569428 0.8509573229730963 0.799549762627394 0.8259113317004013 0.5421884852066314 0.8230937233983636
0 0.547418192134397 0.09198188578972086 0.7957548481907557 0.09461829432773283 0.7959945647854638 0.07203817570319906 0.5476579087291051 0.06940176716518709
0 0.35917523733581525 0.9054108452686422 0.369858737098705 0.9053978565641558 0.36958667405639667 0.681619923125828 0.35890317429350693 0.6816329118303144
0 0.10358885068736542 0.9275914484034314 0.12493077196281144 0.9279391134614304 0.13071692127544596 0.5727479883338611 0.10937499999999994 0.5724003232758621
0 0.543751967126184 0.4774909492025018 0.5597460659279351 0.4777837327093265 0.5665148375689454 0.10802109284309148 0.5505207387671943 0.10772830933626674
0 0.543180102864987 0.9062334686755387 0.5628877263624676 0.9065572906310226 0.5680671982366976 0.5913375228405746 0.5483595747392169 0.5910137008850906
0 0.7884788074712643 0.07289421695402298 0.8041936063218391 0.07289421695402298 0.8041936063218391 0.5634204382183908 0.7884788074712643 0.5634204382183908
0 0.7896012931034484 0.5634204382183908 0.8019486350574714 0.5634204382183908 0.8019486350574714 0.9226158405172414 0.7896012931034484 0.9226158405172414
1 0.12957974137931033 0.7722027658045977 0.27662535919540227 0.7722027658045977 0.27662535919540227 0.8979211566091955 0.12957974137931033 0.8979211566091955
1 0.3765265804597701 0.7766927083333334 0.5145923132183907 0.7766927083333334 0.5145923132183907 0.903533584770115 0.3765265804597701 0.903533584770115
2 0.782866379310345 0.31871857040229884 0.7256196120689655 0.31871857040229884 0.7256196120689655 0.5432156968390804 0.782866379310345 0.5432156968390804
