0 0.10681225778533558 0.5160863760842158 0.12704328362651762 0.5158245284683709 0.12648672936485666 0.4728237029181645 0.10625570352367462 0.4730855505340094
0 0.7767368376400865 0.7608057677024317 0.7976645816325014 0.7608145826807494 0.7976890981051528 0.7026097357994604 0.7767613541127378 0.7026009208211427
0 0.7768150944727963 0.2948212459058532 0.7973497353206696 0.29476024690688035 0.797161303041547 0.23132659650137338 0.7766266621936737 0.2313875955003462
0 0.2495587462163344 0.5953815851927803 0.2697916713338601 0.595364135595594 0.26970994532343 0.5006022776841118 0.2494770202059043 0.5006197272812981
0 0.7775816393828334 0.6527230535990739 0.7977880778376507 0.6527504328650123 0.7978835629487095 0.5822805369847274 0.7776771244938923 0.5822531577187889
0 0.2504074234701715 0.7609407577605248 0.2692566104082061 0.760964188046576 0.2693518142960944 0.6843746032624244 0.2505026273580598 0.6843511729763733
0 0.5804352650345943 0.7589935581351618 0.5992548554041741 0.7590979217649289 0.6001649012862065 0.5949919898842474 0.5813453109166267 0.5948876262544803
0 0.6702598569266985 0.5162262419024948 0.7984791930292895 0.5143430691463746 0.7981935503608991 0.49489455430111856 0.6699742142583082 0.4967777270572386
0 0.6612687546444845 0.6298557953549537 0.7988042812384352 0.6291631342978514 0.7987058919238138 0.609626845865139 0.6611703653298632 0.6103195069222414
0 0.29257113365130205 0.41013191261603976 0.3119691302684082 0.40996931174537243 0.31053107353253584 0.23841168365166043 0.29113307691542967 0.23857428452232776
0 0.6672815464788349 0.5390361807442117 0.6874964510239892 0.5387147637516878 0.68684049617711 0.49745974325176 0.6666255916319557 0.49778116024428376
0 0.12396731321839077 0.5173985272988506 0.6021246222040323 0.5141869843030106 0.6019740500443325 0.49176873276987726 0.12381674105869096 0.49498027576571724
0 0.778864051639815 0.5286362752092871 0.7978073374996669 0.5284594932682062 0.7961312276723188 0.34885388764013914 0.7771879418124669 0.3490306695812202
0 0.25080818965517243 0.7665903376436782 0.7962625198687799 0.7719062432991621 0.7965134318636333 0.7461606708670963 0.25105910165002576 0.7408447652116122
0 0.1041199229325579 0.2549534818162586 0.5520066505603989 0.2527057309450941 0.5518904499527849 0.22955160360818658 0.10400372232494395 0.2317993544793511
0 0.7770997018705393 0.5415360070495447 0.8005621687232719 0.5398157994613233 0.7994151382554983 0.5241710804672399 0.7759526714027657 0.5258912880554614
0 0.5848956742617687 0.6308992226514496 0.6146996923340718 0.6286838795419138 0.6129311880734364 0.6048913876619659 0.5831271700011332 0.6071067307715017
0 0.5796073460744041 0.6188282187098955 0.6059103563744087 0.6169013922008717 0.6044043516947609 0.5963429992085005 0.5781013413947563 0.5982698257175243
0 0.5493893678160919 0.23116469109195403 0.7974586925287357 0.23116469109195403 0.7974586925287357 0.24912446120689655 0.5493893678160919 0.24912446120689655
1 0.31254489942528735 0.7340382543103449 0.47193785919540227 0.7340382543103449 0.47193785919540227 0.549950610632184 0.31254489942528735 0.549950610632184
2 0.5561242816091954 0.48821390086206895 0.38999640804597696 0.48821390086206895 0.38999640804597696 0.40627244971264365 0.5561242816091954 0.40627244971264365
