0 0.0589368491517803 0.4802968123482444 0.07666711000366676 0.4777948169002222 0.07459016152746469 0.4630766293479226 0.05685990067557823 0.4655786247959448
0 0.7730408116100572 0.529185775644235 0.7893080332627315 0.5291216407312157 0.7890319422961928 0.45909374582106655 0.7727647206435185 0.4591578807340858
0 0.3054830932809793 0.4760358501292594 0.3223689649224805 0.47537306214497155 0.32138175724010837 0.45022193900571983 0.30449588559860713 0.4508847269900077
0 0.8852620145214696 0.4781690607427121 0.9021678083051876 0.4777483435330338 0.901462433682571 0.4494040836931705 0.8845566398988529 0.44982480090284876
0 0.7731198217239128 0.6910742033472265 0.7897455899706864 0.690980211264527 0.7892856453094734 0.6096230041036402 0.7726598770626998 0.6097169961863397
0 0.48675660513614605 0.36359341495546404 0.5035595374468308 0.36355947169372316 0.5033408579948049 0.2553065860935777 0.48653792568412013 0.2553405293553186
0 0.30640455341411876 0.3908268125017651 0.322382507801108 0.3904893474960134 0.32179198408054066 0.362529823068761 0.3058140296935514 0.36286728807451274
0 0.11073048882106702 0.434466799655746 0.1271751129483109 0.43443788515336884 0.1270449710645302 0.36042193516175886 0.1106003469372863 0.36045084966413604
0 0.11098876673502107 0.47718105074071276 0.1262381858837138 0.47677314175046354 0.12552992921548706 0.4502954149613441 0.11028051006679433 0.45070332395159335
0 0.881967184344253 0.27729664100809137 0.9042370847912294 0.2732050496331372 0.9011701371279149 0.2565121267874714 0.8789002366809385 0.26060371816242556
0 0.5752065373563218 0.5712778376436782 0.5928721261339538 0.571245906584703 0.5924991206688043 0.3648837823512084 0.5748335318911721 0.36491571341018353
0 0.10548341789177694 0.4809068719382054 0.30512904214478853 0.48006558316447995 0.30505069575377664 0.4614732583527797 0.10540507150076504 0.46231454712650516
0 0.1351921695402299 0.6857713721264368 0.5844145853045453 0.6906740106435645 0.5845947165693458 0.674168816216998 0.1353723008050304 0.6692661776998703
0 0.18339671720469863 0.370428979742404 0.5864313936781609 0.3759653376436781 0.5866973067366061 0.3566074519376479 0.18366263026314386 0.351071094036374
0 0.5789587648492187 0.47722753039923865 0.9063397988505748 0.4803565014367816 0.906514695160289 0.4620572797341195 0.5791336611589328 0.45892830869657647
0 0.17035221471670392 0.566798625082835 0.18458153735632182 0.5667878951149425 0.18442660569046976 0.36132850487298296 0.17019728305085183 0.3613392348408755
0 0.0985722639380118 0.3721522093603054 0.41418819970435283 0.37752531141698203 0.414533903378425 0.35721868268757667 0.09891796761208396 0.35184558063090005
0 0.3657680351591009 0.6901993863803271 0.7818373398199041 0.6954315164615192 0.7820842664384944 0.6757954246777174 0.36601496177769116 0.6705632945965252
0 0.5435393283379557 0.27584158788821916 0.8075610632183909 0.2738191451149425 0.8074164401369998 0.254939186009452 0.5433947052565645 0.2569616287827286
0 0.13517935167569778 0.4783447984551867 0.21382707007365181 0.47749933013027707 0.21366282213907578 0.4622205492163221 0.13501510374112174 0.4630660175412317
0 0.0566181752873563 0.6779139727011495 0.07682291666666669 0.6779139727011495 0.07682291666666669 0.6925062859195402 0.0566181752873563 0.6925062859195402
1 0.6470456178160919 0.6700565732758621 0.7491918103448276 0.6700565732758621 0.7491918103448276 0.5286233836206897 0.6470456178160919 0.5286233836206897
1 0.7750089798850575 0.27606411637931033 0.6414331896551724 0.27606411637931033 0.6414331896551724 0.42310973419540227 0.7750089798850575 0.42310973419540227
2 0.475305316091954 0.6689340876436782 0.23060344827586204 0.6689340876436782 0.23060344827586204 0.5993399784482759 0.475305316091954 0.5993399784482759
