0 0.75861155858262 0.7101478163595227 0.7812600276035203 0.7101886697002828 0.7812752736546237 0.7017364915018054 0.7586268046337233 0.7016956381610453
0 0.5374268987645644 0.7106156379210768 0.697813873903734 0.7100197028359159 0.6977828046808702 0.7016578882706346 0.5373958295417006 0.7022538233557956
0 0.803421642053463 0.18123386295013125 0.8596899876069655 0.18123274522221258 0.8596898062345009 0.1721021434528381 0.8034214606809984 0.17210326118075678
0 0.8330447599523559 0.7097812129362864 0.8629844801326935 0.70984012933543 0.8629992082483277 0.7023556994095999 0.8330594880679901 0.7022967830104563
0 0.5028508378155199 0.1565242080224051 0.6062858186191489 0.1560632124311632 0.6062415169589552 0.14612311439390044 0.5028065361553262 0.14658410998514235
0 0.24174151256807153 0.3933349250753298 0.2509298659920104 0.39331057826728594 0.25074541136495765 0.3236984015504942 0.24155705794101878 0.32372274835853804
0 0.6492547476388126 0.18089175209070166 0.7147147840899151 0.18086690878376335 0.7147117173575253 0.17278632536863367 0.6492516809064228 0.17281116867557197
0 0.5460694728013806 0.7780963931151911 0.5543300065928356 0.778060148199533 0.5540052952650256 0.704055592053266 0.5457447614735706 0.7040918369689241
0 0.6989056966011189 0.8311614392221461 0.8638787634277951 0.830523035098956 0.8638442852790691 0.8216133715688695 0.6988712184523929 0.8222517756920596
0 0.24196290622214683 0.5040075291346326 0.2515618505528978 0.5039667504837224 0.25131523956795326 0.44591664183628416 0.24171629523720228 0.4459574204871944
0 0.40256918648105333 0.15555996892673096 0.42825699215260116 0.15473591531981834 0.42798708697933485 0.14632229807156005 0.402299281307787 0.14714635167847268
0 0.8553122448511497 0.8261522277667582 0.8640975667645803 0.8260808400161382 0.862814767401658 0.6682133451626241 0.8540294454882273 0.6682847329132441
0 0.18261757170387 0.7853747070050716 0.5543088329081634 0.7849968112244897 0.5542988797718067 0.7752070914249755 0.1826076185675134 0.7755849872055574
0 0.2384937908877322 0.39848933387206187 0.5901825573979591 0.3963647959183674 0.5901095254387984 0.38427533449528517 0.23842075892857145 0.3863998724489796
0 0.6969688604721783 0.766317358477282 0.7042859877373188 0.7662999796660744 0.7036398643341059 0.4942579444646545 0.6963227370689655 0.49427532327586204
0 0.2757611800635559 0.30120683189237074 0.3754529794343937 0.1902774628467116 0.36881143555991824 0.18430873278772875 0.2691196361890804 0.2952381018333879
0 0.2569671988844075 0.32029581092941184 0.3697349290345897 0.20039513456517616 0.3632810592294536 0.19432520843399148 0.2505133290792714 0.31422588479822716
0 0.17405302720704727 0.780025236147615 0.18162069515306117 0.7800143494897959 0.1812164243235649 0.49899262099524194 0.173648756377551 0.49900350765306123
0 0.6509685905612246 0.4302455357142857 0.6609605040705121 0.4302580644514948 0.6612917363362182 0.16609383982333642 0.6512998228269307 0.1660813110861273
0 0.6644636668263777 0.4983077215679085 0.850546349519371 0.5005049922442779 0.8506971322001116 0.48773549323006515 0.6646144495071182 0.4855382225536957
0 0.17364563661109225 0.509880174240634 0.550322863520408 0.5099649234693877 0.5503259832868669 0.4960987798409988 0.173648756377551 0.4960140306122449
0 0.3663950173188101 0.19752449421825358 0.4076835085745226 0.15429131557967374 0.4020488055419077 0.14891006918010763 0.36076031428619515 0.19214324781868747
0 0.6968414630143164 0.8428695015506554 0.7037519556962829 0.8428855395210791 0.7041655932219507 0.6646560616893958 0.6972551005399842 0.6646400237189721
0 0.8552495216836733 0.17215401785714285 0.8652144451530612 0.17215401785714285 0.8652144451530612 0.5358737244897959 0.8552495216836733 0.5358737244897959
1 0.3764143318965517 0.38112877155172414 0.5003367456896551 0.38112877155172414 0.5003367456896551 0.23902209051724138 0.3764143318965517 0.23902209051724138
1 0.8512257543103448 0.3797817887931034 0.7077720905172413 0.3797817887931034 0.7077720905172413 0.25990032327586204 0.8512257543103448 0.25990032327586204
2 0.49023437500000006 0.7737742456896551 0.31243265086206895 0.7737742456896551 0.31243265086206895 0.7097925646551724 0.49023437500000006 0.7097925646551724
