0 0.587891371192303 0.5406072162111136 0.6090978368256509 0.5391737298281413 0.6082003999334905 0.5258973814527658 0.5869939343001426 0.5273308678357381
0 0.5850379758870032 0.7601281493602232 0.7912061530258054 0.7596032627908504 0.7911669916117761 0.744221201569037 0.5849988144729739 0.7447460881384098
0 0.6922118573568847 0.4158107702677209 0.789436964845553 0.4150876062368271 0.7893353790856812 0.40143000436377935 0.6921102715970129 0.40215316839467313
0 0.5871307634830656 0.7481815915210933 0.6024087274986805 0.7482008631124085 0.6025589919566927 0.6290755171672612 0.5872810279410778 0.629056245575946
0 0.6955941235740462 0.5397297969653013 0.785609647324353 0.5393729822392012 0.7855572188179216 0.5261465677426455 0.6955416950676148 0.5265033824687456
0 0.1306116668549731 0.7452481632859502 0.5808189655172413 0.7486305675287357 0.5809467867497782 0.7316172102593101 0.13073948808751004 0.7282348060165248
0 0.19789181906277586 0.252243589722363 0.6282973540270321 0.2572519901437021 0.6284982089371021 0.23999117676094386 0.1980926739728458 0.23498277633960477
0 0.14529454022988503 0.30861619971264365 0.1898891253742932 0.253836873695974 0.17564957362669698 0.24224478323043688 0.1310549884822889 0.2970241092471066
0 0.3688479608308786 0.2524512794369637 0.7742639353571665 0.25736774464762485 0.7744711691129691 0.24027906986532818 0.3690551945866812 0.235362604654667
0 0.7807449786671437 0.7441520616846324 0.795213721264368 0.744140625 0.7948311744374648 0.2601741829999771 0.7803624318402406 0.26018561968460957
0 0.22934807299372045 0.7461813248060258 0.4549237959563361 0.7459034458079126 0.45490740777257593 0.7325998984910933 0.2293316848099603 0.7328777774892066
0 0.5873005179768823 0.6441654580377802 0.5947254105462721 0.6441526781573597 0.5945278616541602 0.5293801409459844 0.5871029690847703 0.529392920826405
1 0.268767959770115 0.26371677442528735 0.5044899425287357 0.26371677442528735 0.5044899425287357 0.5185210129310345 0.268767959770115 0.5185210129310345
