0 0.502262862022215 0.7951976302643288 0.5161638957398925 0.7952338624957874 0.5165669605180682 0.6405920740584862 0.5026659268003907 0.6405558418270275
0 0.658475012956984 0.12604180347901756 0.7411885058351763 0.12567374249543556 0.7411254928718735 0.11151298511046 0.6584119999936812 0.111881046094042
0 0.14688936553230186 0.12592870023551436 0.2079417464549464 0.12548628670862874 0.20784192600021462 0.11171121868786363 0.14678954507757008 0.11215363221474925
0 0.5032868684072493 0.6576717224650364 0.7390894396551726 0.6577092313218391 0.7390923457126819 0.6394400572844696 0.5032897744647586 0.6394025484276669
0 0.13895646736784906 0.8010550150493667 0.7527208186796732 0.7960312631503883 0.7525720160982082 0.7778516791018749 0.13880766478638418 0.7828754310008533
0 0.7287099323767801 0.5643824027664867 0.74627611390814 0.5646344714050047 0.7525592672413794 0.12677352729885058 0.7349930857100196 0.12652145866033257
0 0.7338553666885055 0.8002190398946079 0.7514367816091954 0.8002649066091955 0.7528110913298516 0.2734709200402457 0.7352296764091618 0.27342505332565814
0 0.1493261180896152 0.7789196624651674 0.16536665055487024 0.778804203817691 0.16133507269514 0.2187018904904545 0.14529454022988503 0.21881734913793102
0 0.22936338592548217 0.80115371820584 0.4556517320087948 0.8003653608651787 0.455594595184137 0.7839649331842357 0.22930624910082437 0.784753290524897
0 0.146417025862069 0.12116109913793104 0.16100933908045972 0.12116109913793104 0.16100933908045972 0.24014457614942528 0.146417025862069 0.24014457614942528
2 0.7357219827586208 0.19973509339080459 0.622350933908046 0.19973509339080459 0.622350933908046 0.5903600933908046 0.7357219827586208 0.5903600933908046
