0 0.2568385713764321 0.6416552149731479 0.4106183793891865 0.6408266997676321 0.410572875194918 0.632380715660397 0.2567930671821636 0.6332092308659129
0 0.4829306937951407 0.6461160996076163 0.5169158650919288 0.6455720112300665 0.5167192481260934 0.6332908055666391 0.4827340768293053 0.6338348939441889
0 0.5768858025296814 0.6474657100464218 0.7835337851506748 0.6475284135253689 0.7835380007997864 0.6336351591323501 0.5768900181787929 0.633572455653403
0 0.15130143876533228 0.741660786778007 0.3673112243097708 0.7415068862142102 0.36730206493873874 0.7286510933336874 0.1512922793943002 0.7288049938974841
0 0.2605069319874508 0.2681056418204702 0.4090786637931035 0.26708423132183906 0.4089816742842751 0.2529763879886043 0.26040994247862237 0.25399779848723547
0 0.5791245076741605 0.6497405346102039 0.5858888652056815 0.6497175563767119 0.5853212501917453 0.48262242715890014 0.5785568926602243 0.482645405392392
0 0.4818856146032715 0.6465768296261295 0.49069320759034407 0.6465945037910573 0.49101781585861204 0.4848319809894101 0.4822102228715395 0.4848143068244823
0 0.6191760179614492 0.26718786270831896 0.8107953859392176 0.2655814129267432 0.8106895807171397 0.2529608318069093 0.6190702127393712 0.2545672815884851
0 0.4820699234181864 0.2676004445424429 0.5408799526716395 0.2673022163126739 0.5408089618509786 0.25330296398493135 0.4819989325975255 0.25360119221470034
0 0.8510834519925317 0.26853581001131777 0.863579460887393 0.2665331731613646 0.8615068848070899 0.25360075901181456 0.8490108759122286 0.2556033958617677
0 0.6415483422830092 0.4330931940796496 0.6481873189741333 0.4330713580095839 0.6476176313803209 0.2598651608703016 0.6409786546891968 0.25988699694036727
0 0.2633892130684015 0.6407955008456466 0.2720675963689135 0.6407223655157995 0.2716439533401373 0.5904520434429886 0.26296557003962534 0.5905251787728357
0 0.7885379028242657 0.643020962086682 0.7959597113543312 0.6430112867957816 0.7957605886537006 0.49026646772288823 0.7883387801236351 0.4902761430137887
0 0.51314863016353 0.42901849268940884 0.5218576139931483 0.4290350096828429 0.5221751088882889 0.2616281557175736 0.5134661250586705 0.2616116387241395
0 0.15334662422021805 0.7191257722620753 0.16628557598523597 0.7191229470715806 0.1662451662174803 0.534052228188059 0.1533062144524624 0.5340550533785536
0 0.15469706480933867 0.5327830093609456 0.2818930872722033 0.5326534626528712 0.28187629158066074 0.5161625367892619 0.15468026911779606 0.5162920834973364
0 0.2595173438886457 0.5274962304173398 0.2755028735632184 0.5275008979885057 0.27557173832128584 0.29165240323791997 0.25958620864671317 0.29164773566675406
0 0.7898802719194854 0.6288991558210579 0.8492047190399886 0.62825939114368 0.8490386047284638 0.6128558528764518 0.7897141576079606 0.6134956175538298
0 0.8438798916860165 0.6475660472576389 0.8627232789463483 0.6447571553606942 0.8605297076181827 0.6300416321094265 0.841686320357851 0.6328505240063712
0 0.5153821572336246 0.4327786712700541 0.5914326188004906 0.4329285979322892 0.5914455786672543 0.4263546915000265 0.5153951171003883 0.42620476483779135
0 0.4821836082142311 0.4945977209440363 0.5347113994853682 0.4947672057254321 0.5347307594615501 0.4887670399316656 0.4822029681904131 0.4885975551502698
0 0.6380236659925869 0.4968278730979018 0.8589472054365994 0.49934493638472366 0.8590707267839024 0.4885034238228746 0.6381471873398898 0.4859863605360527
0 0.16002493943164184 0.6007655981015264 0.20580109803975374 0.5999612129883699 0.2056220785241382 0.5897735235262812 0.15984591991602629 0.5905779086394377
0 0.8220656857174323 0.6354039094368783 0.8479957873660343 0.6343234161975998 0.8471793189364983 0.614729485758129 0.8212492172878963 0.6158099789974075
1 0.7716415229885059 0.2715741738505747 0.682965158045977 0.2715741738505747 0.682965158045977 0.3916801364942529 0.7716415229885059 0.3916801364942529
1 0.6537805316091956 0.6296470905172414 0.7447018678160919 0.6296470905172414 0.7447018678160919 0.5129085847701149 0.6537805316091956 0.5129085847701149
2 0.5101023706896552 0.3030037715517241 0.45622306034482757 0.3030037715517241 0.45622306034482757 0.414129849137931 0.5101023706896552 0.414129849137931
