0 0.28716218179691233 0.6116022689277114 0.3267894267543403 0.6112057822292545 0.3266634374238213 0.5986136572426377 0.28703619246639334 0.5990101439410946
0 0.30989574156651983 0.435447392698888 0.32300823662637373 0.4355057922405726 0.3237922314559411 0.25947481608712275 0.3106797363960872 0.2594164165454381
0 0.14727226504685548 0.6116310660128578 0.1976299585614103 0.6113810668580731 0.1975681721269879 0.5989353354687706 0.14721047861243308 0.5991853346235553
0 0.14451786001422898 0.43187876654443846 0.22305856714486957 0.43152203617143503 0.22299818078777298 0.41822687672796144 0.14445747365713238 0.41858360710096487
0 0.6445179018468526 0.6216044805190855 0.7703659427773725 0.6212866325558881 0.7703119483499857 0.5999081947662539 0.6444639074194659 0.6002260427294512
0 0.3093435824483893 0.6087439445575759 0.3233094819288768 0.6086973054678194 0.32303529376086976 0.5265926929393724 0.3090693942803822 0.5266393320291288
0 0.45586222645622115 0.7324043765834828 0.4793807313142366 0.7284056434004106 0.476043460399095 0.7087775215335826 0.4525249555410796 0.7127762547166548
0 0.14486801553481232 0.7321542130957374 0.167650614352294 0.7285541300158295 0.16422957252747405 0.7069045675744287 0.14144697370999237 0.7105046506543365
0 0.45486548850719694 0.650522614594287 0.4744429791490267 0.650319663969576 0.47392996837909457 0.6008324374000368 0.4543524777372648 0.6010353880247478
0 0.7474887004230564 0.6083863823224966 0.771628660281261 0.6088329854538745 0.7776877054836209 0.2813272030542428 0.7535477456254163 0.280880599922865
0 0.1441838274281239 0.2757879539141774 0.7758286950887435 0.28286861830345317 0.7761314655172413 0.25585937499999994 0.1444865978566217 0.24877871061072412
0 0.42904221468154474 0.6226249982477567 0.5195593010423322 0.6213165009234372 0.5192575509053083 0.6004425238011935 0.4287404645445209 0.601751021125513
0 0.14216035280117073 0.6009495240901025 0.159858085424154 0.6012556799307411 0.16437679597701144 0.3400457974137931 0.14667906335402814 0.33973964157315434
0 0.4719996730553616 0.7191682798435819 0.4778281912382971 0.7191404665023668 0.47749749024038424 0.6498393075892794 0.47166897205744873 0.6498671209304945
2 0.7503142959770115 0.28055405890804597 0.6515355603448276 0.28055405890804597 0.6515355603448276 0.4736215876436781 0.7503142959770115 0.4736215876436781
