0 0.4962021533811098 0.3965376005646713 0.5084574704109458 0.3965622137182903 0.5085676487123961 0.3417025222304337 0.4963123316825601 0.34167790907681467
0 0.31460723697306686 0.39920259396676977 0.5000369934982872 0.3979028539641472 0.49994971931813187 0.38545172531957667 0.31451996279291144 0.38675146532219923
0 0.7749806379370063 0.45970135287936353 0.7864060148002123 0.45964775104031497 0.7862669492669732 0.4300055567771611 0.7748415724037672 0.4300591586162097
0 0.801813549157201 0.6293050227627498 0.8144158630774384 0.6291454691605382 0.8140831526555431 0.602866393519904 0.8014808387353057 0.6030259471221157
0 0.05098753206197119 0.6034765716433831 0.06452204249746686 0.6034779743138158 0.06452813215788507 0.5447182182430915 0.050993621722389394 0.5447168155726588
0 0.7608725772119319 0.45966678505321606 0.8632703061607566 0.4597141151430682 0.8632754339956487 0.44862014407733813 0.760877705046824 0.448572813987486
0 0.7743472287782763 0.3923543666677421 0.7863770508919937 0.39239797304608354 0.786559658276167 0.34202152740192954 0.7745298361624496 0.3419779210235881
0 0.050827487583152954 0.5046885158031159 0.06450572337932936 0.5046557467173286 0.06435448748350889 0.4415279482395477 0.05067625168733247 0.4415607173253349
0 0.19612214501749475 0.5993086118948462 0.2035351213982255 0.599286939521369 0.20324878961267606 0.5013479313380282 0.19583581323194532 0.5013696037115054
0 0.5980711229994453 0.6300239492161323 0.8043017408795254 0.6296958763944008 0.8042821637437187 0.6173894476191949 0.5980515458636386 0.6177175204409263
0 0.8030090246437311 0.5615067200255761 0.8150322724522008 0.5613154801307014 0.8143892373801946 0.5208878798889747 0.802365989571725 0.5210791197838494
0 0.5332300779670546 0.35332860672192723 0.776119608274648 0.35280039612676056 0.7760946172589723 0.34130866136252425 0.5332050869513792 0.34183687195769097
0 0.8584437363101647 0.5476222828616801 0.8699640746172101 0.5457117440564798 0.8682529933498695 0.5353941127071675 0.856732655042824 0.5373046515123678
0 0.053253946320517456 0.4526292351371227 0.09854431659270739 0.45242401847325264 0.0984873199300929 0.4398451181763233 0.05319694965790296 0.4400503348401934
0 0.6131585945540271 0.4616187539251238 0.8306158661869051 0.4605830050555489 0.8305833230561414 0.45375051830693186 0.6131260514232634 0.4547862671765068
0 0.5452084398575635 0.5365781787344502 0.6057344824361305 0.5363493048194815 0.6057126664809375 0.5305800434640361 0.5451866239023705 0.5308089173790048
0 0.26711040434145866 0.6195337676223841 0.2785038405762595 0.6194207374387216 0.27823311391568245 0.5921315050903234 0.2668396776808816 0.5922445352739859
0 0.15917607730857086 0.452664620269221 0.1995736998839861 0.452335553064176 0.19947281890877533 0.4399509960523427 0.1590751963333601 0.4402800632573877
0 0.7731319443604545 0.5249249890510638 0.807376210294733 0.5251415763932966 0.8074170573332711 0.5186833187873762 0.7731727913989925 0.5184667314451433
0 0.05020773062379881 0.6066946603382228 0.26254521695534144 0.6059988490433481 0.26250526657430606 0.5938073776637913 0.05016778024276343 0.594503188958666
0 0.3126193467558448 0.4524531123796811 0.32318030747718873 0.45077810369754767 0.3209595497666772 0.43677618525825834 0.31039858904533324 0.4384511939403918
0 0.7255441949828358 0.6203991052694117 0.7327800992858091 0.6204041862240343 0.732850570871046 0.5200439813547338 0.7256146665680727 0.5200389004001112
0 0.257642120064854 0.6250407201533206 0.5999593280793506 0.6246873451734398 0.599943583017453 0.6094349760593321 0.2576263750029565 0.609788351039213
0 0.8578465093524205 0.4636978780132314 0.869043016668973 0.4627111543965587 0.8676928173153652 0.44739023100318703 0.8564963099988127 0.44837695461985977
0 0.48782968935536847 0.5385911547659398 0.4953343639531323 0.5344139533148119 0.4914733726067592 0.5274773753167629 0.4839686980089954 0.5316545767678907
0 0.19763457121558575 0.5090110478358801 0.23350847271126757 0.5089128521126761 0.2334787336144848 0.49804825033831773 0.19760483211880295 0.4981464460615217
0 0.6126202279804004 0.619039163876795 0.6138176716549296 0.5082251320422535 0.6053870343435434 0.5081340315457401 0.6041895906690141 0.6189480633802817
0 0.27169704821309437 0.45013480054174954 0.27815029844496886 0.4496144864157247 0.2773760518769325 0.4400118125792832 0.270922801645058 0.440532126705308
0 0.27202079665492956 0.49928477112676056 0.2802734375 0.49928477112676056 0.2802734375 0.6182603433098592 0.27202079665492956 0.6182603433098592
0 0.6055650308098592 0.3411091549295775 0.6131299515845071 0.3411091549295775 0.6131299515845071 0.4064425616197183 0.6055650308098592 0.4064425616197183
1 0.7231651628521127 0.5996919014084507 0.6165685519366197 0.5996919014084507 0.6165685519366197 0.535733934859155 0.7231651628521127 0.535733934859155
2 0.4019998899647887 0.39818992077464793 0.5010315801056339 0.39818992077464793 0.5010315801056339 0.4518320862676057 0.4019998899647887 0.4518320862676057
