0 0.6123215562482623 0.20686812902991075 0.6937515717096722 0.20633946056420588 0.6936342113832684 0.18826262448724013 0.6122041959218586 0.188791292952945
0 0.14547983078714946 0.16886524201246805 0.16957831530674175 0.1680971135890592 0.1682032022023525 0.1249557053962081 0.1441047176827602 0.12572383381961694
0 0.7571257478524732 0.4643148499041585 0.9108138337423118 0.46346645525648733 0.9107500189016772 0.45190629191102705 0.7570619330118386 0.4527546865586982
0 0.37221764008988817 0.2683697241627599 0.476014264464694 0.26799475986263493 0.4759737404109053 0.2567769986308192 0.37217711603609943 0.25715196293094417
0 0.6808542993651937 0.8854736299325815 0.7034757386970997 0.8825413261414802 0.7011265966309 0.8644187240789541 0.6785051572989941 0.8673510278700555
0 0.25824557551267535 0.26761022244959326 0.3247037089246937 0.2673094879779205 0.3246557830917558 0.25671854580373316 0.25819764967973746 0.25701928027540594
0 0.10671595933844247 0.1848036455563982 0.1637227412152205 0.18394086324604267 0.16345264312814078 0.16609462028222485 0.10644586125136274 0.16695740259258038
0 0.463314606754871 0.156388159174716 0.48539415727682833 0.15301918078339855 0.48110883036365926 0.12493408165475177 0.45902927984170194 0.12830306004606923
0 0.8335640054549223 0.7871488162661262 0.9306977525660989 0.7856678824558132 0.9304317611847872 0.7682216337537102 0.8332980140736106 0.7697025675640232
0 0.11390821331731792 0.4105483802330321 0.17936591700503707 0.4106905804184112 0.179395455181675 0.3970935431945497 0.11393775149395584 0.39695134300917057
0 0.89132577608331 0.20907239418889564 0.9289812577633096 0.20664701036846192 0.9277304964234039 0.18722821969126183 0.8900750147434042 0.18965360351169555
0 0.6943808265188499 0.8201228957954237 0.8343509439698841 0.8199591980610127 0.8343437246820168 0.8137863296684434 0.6943736072309826 0.8139500274028545
0 0.3977094692429347 0.8756135741308843 0.41576062333721253 0.8755912084210183 0.4155582981864171 0.7122964819833125 0.3975071440921393 0.7123188476931784
0 0.1051906420783589 0.6834257518282341 0.23216567635489985 0.6829585034521077 0.23210015157894395 0.665152105189283 0.10512511730240301 0.6656193535654094
0 0.25988372522752823 0.4102022453123516 0.2697050552374012 0.4101761580534564 0.26928654950696884 0.25261714021621284 0.2594652194970959 0.25264322747510803
0 0.6835489445932906 0.4096740317716042 0.6953125 0.40963990660919536 0.6946615608659786 0.18524951462538145 0.6828980054592694 0.1852836397877904
0 0.4627173889760166 0.20680324443586637 0.49313098667703603 0.20568124998050902 0.4922490862067664 0.18177581445268856 0.4618354885057471 0.18289780890804597
0 0.4633622761998352 0.3983668853409868 0.4730826583251901 0.39832648073605975 0.47227788006923827 0.20471606954258864 0.4625574979438834 0.20475647414751563
0 0.6544962445826312 0.8629760698314493 0.6720555585821013 0.8627856877530338 0.6709287842183331 0.7588610692981894 0.653369470218863 0.7590514513766049
0 0.41692151412694495 0.7595451552303333 0.697557471264368 0.7598554238505747 0.6975720203558137 0.7466958648846092 0.4169360632183908 0.7463855962643678
0 0.2307919321078386 0.14253482661701933 0.2854526472179703 0.14170592200601406 0.2852072062474165 0.12552073158763155 0.23054649113728481 0.12634963619863682
0 0.7655900213411422 0.5008973407072922 0.7765250919907447 0.500817457484734 0.7757995632001786 0.40150112635661167 0.7648644925505761 0.4015810095791698
0 0.6826994054630678 0.7423966993849203 0.6945771231336644 0.7424831045701681 0.6964349856321839 0.487091415229885 0.6845572679615873 0.48700501004463725
0 0.6793131636302714 0.8388439038035974 0.7043902378247453 0.8374326551631038 0.7034530831653829 0.8207799575092688 0.678376008970909 0.8221912061497624
0 0.3956906329022569 0.8846960767893103 0.4240575272058389 0.8828736757503141 0.42314277783764176 0.8686349883886072 0.3947758835340598 0.8704573894276034
0 0.2569058426458689 0.41109536700478155 0.2750691327802507 0.4092099095991377 0.2737838736932424 0.3968285459972326 0.25562058355886064 0.39871400340287644
0 0.10343502697031046 0.6746782399869179 0.12429723013992573 0.674784935394642 0.12686974627306355 0.17177964799393106 0.10600754310344829 0.1716729525862069
0 0.2598679731691653 0.18364973444426475 0.27077796007465726 0.18352753849114972 0.27029746071450167 0.1406272492936808 0.2593874738090097 0.14074944524679583
0 0.9074109528140758 0.6280410995413257 0.9241939418142743 0.6282396298212187 0.929080155126598 0.21517788267837035 0.9122971661263996 0.21497935239847737
0 0.9095806839402893 0.7654539543575116 0.9287895114942528 0.7654678520114943 0.929100969115723 0.33498255221157514 0.9098921415617599 0.3349686545575926
0 0.34556076184608325 0.40976717862848877 0.6066361350574712 0.4085174209770115 0.6065872314278276 0.39830141362110716 0.34551185821643965 0.39955117127258444
0 0.6798712737866649 0.41138212534883634 0.6991329478054312 0.41008578159272524 0.6983080379656544 0.3978288903524576 0.6790463639468881 0.3991252341085687
0 0.14887601740238968 0.14579826019369227 0.17369699835195043 0.1442459338659182 0.1723753153574675 0.12311283327974216 0.14755433440790675 0.12466515960751627
0 0.32708471234975955 0.2640264026541775 0.3803866460929286 0.26354353209831344 0.3803290802604089 0.25718909579324073 0.32702714651723985 0.2576719663491048
0 0.6547125093782777 0.8464893944415348 0.694542202993246 0.8446242702232705 0.6935108192121153 0.8225990884152157 0.6536811255971471 0.82446421263348
0 0.3272924748070116 0.41067292760166557 0.4651046071963545 0.41017095900398587 0.46506473153759287 0.39922336270061104 0.32725259914825 0.39972533129829074
0 0.3956088362068965 0.6655666307471265 0.41805854885057475 0.6655666307471265 0.41805854885057475 0.6857713721264368 0.3956088362068965 0.6857713721264368
1 0.9018498563218391 0.7430181393678161 0.7267420977011494 0.7430181393678161 0.7267420977011494 0.5937275502873564 0.9018498563218391 0.5937275502873564
2 0.42142600574712646 0.6386269755747127 0.49663254310344823 0.6386269755747127 0.49663254310344823 0.4893363864942529 0.42142600574712646 0.4893363864942529
