0 0.685087267645759 0.23840817413652857 0.7061073097215999 0.2317448757015466 0.700094993821221 0.21277842321073095 0.6790749517453801 0.21944172164571293
0 0.052600846643415036 0.8740082862284801 0.0756570920368773 0.8728823671190895 0.07400698864940113 0.8390920279118397 0.05095074325593886 0.8402179470212303
0 0.3768959023670729 0.23684670641117245 0.39939577844300195 0.23318654569279923 0.3962205074115221 0.21366740153140873 0.373720631335593 0.21732756224978195
0 0.6416079670509051 0.3168438890327469 0.704372684943161 0.3161565177430438 0.7041569083610822 0.29645369263992155 0.6413921904688263 0.29714106392962464
0 0.051652226941633 0.37635835470026524 0.07118422878521445 0.37626634131774417 0.07079749147410415 0.2941722625368258 0.0512654896305227 0.2942642759193469
0 0.9611205424832305 0.8652847782752677 0.9801751374552858 0.8652392357526262 0.9797599945498505 0.6915470584251717 0.9607053995777952 0.6915926009478133
0 0.9060888421083131 0.8742205870398584 0.9785187476068369 0.8732113717658584 0.9782621729826293 0.8547973859063086 0.9058322674841055 0.8558066011803086
0 0.04854846880129728 0.766263035028386 0.2014188218390805 0.7643453663793104 0.2010934757510735 0.7384098267035347 0.04822312271329028 0.7403274953526103
0 0.7351976514196326 0.7017183127880537 0.7550105198753656 0.7016428064116598 0.7545138716363977 0.5713223394870317 0.7347010031806647 0.5713978458634257
0 0.05225559186225741 0.3161788893619025 0.20325522517945271 0.3148420135178118 0.20307833839172512 0.29486271611066217 0.052078705074529816 0.29619959195475287
0 0.2721541447438652 0.8672477052574584 0.2916655167699714 0.8671159281574711 0.29083240797143634 0.7437629654044678 0.27132103594533014 0.7438947425044552
0 0.26158161410718817 0.31602630672462706 0.4025063110299051 0.3145221599816773 0.40229772081941706 0.29497917833320375 0.26137302389670014 0.2964833250761535
0 0.4732584418604978 0.315292032090418 0.5587020867242468 0.31489772512910086 0.558617883746802 0.2966515108668879 0.473174238883053 0.29704581782820505
0 0.05267949639493809 0.8180260979255772 0.070877661903252 0.8179514083602325 0.07039823890989437 0.7011396563926601 0.05220007340158046 0.7012143459580048
0 0.05158207945024041 0.6471255490116985 0.07033282925541068 0.6471053318645599 0.07017166533077689 0.4976310065455525 0.05142091552560662 0.4976512236926911
0 0.06197515935500138 0.5925212102622011 0.2605229084087761 0.5927889125085848 0.2605543652097417 0.5694582266121886 0.062006616155966934 0.5691905243658049
0 0.4786727729885057 0.585870150862069 0.7525546865075966 0.5854069019237051 0.75252516641653 0.5679540415736583 0.47864325289743903 0.568417290512022
0 0.7382885002508938 0.7075951215875812 0.9638608142381327 0.7087611865761815 0.9639870143517674 0.6843480947362713 0.7384147003645284 0.6831820297476711
0 0.030963153030148294 0.8735830671379119 0.45684599496389267 0.8786293733347126 0.457123636816272 0.8551977985313386 0.031240794882527623 0.8501514923345379
0 0.6844763404688956 0.5848458653147889 0.7054148706896552 0.5847476652298851 0.7041757480751785 0.32053805343671615 0.6832372178544187 0.3206362535216198
0 0.3753549150344983 0.59124504177154 0.3957988445915913 0.5913362743248106 0.3970429366278373 0.31255278049784596 0.3765990070707443 0.31246154794457526
0 0.27418918311407137 0.5948184561987118 0.2975451560674519 0.5893146532362099 0.29239743054101897 0.5674697327356144 0.2690414575876384 0.5729735356981163
0 0.7918462643678161 0.8732264727011495 0.4315283764367816 0.8732264727011495 0.4315283764367816 0.8518992456896552 0.7918462643678161 0.8518992456896552
1 0.10600754310344829 0.5578080100574713 0.24070581896551718 0.5578080100574713 0.24070581896551718 0.37933279454022983 0.10600754310344829 0.37933279454022983
1 0.6773527298850575 0.4657641882183908 0.4932650862068965 0.4657641882183908 0.4932650862068965 0.33892331178160917 0.6773527298850575 0.33892331178160917
2 0.38999640804597696 0.8507767600574713 0.6930675287356323 0.8507767600574713 0.6930675287356323 0.7632228807471265 0.38999640804597696 0.7632228807471265
