0 0.2984750668450683 0.6827245574848103 0.31392723263920785 0.6827550550423361 0.31406899290834966 0.6109295267208171 0.2986168271142101 0.6108990291632913
0 0.29824066179447983 0.8384254740677476 0.31383648233735695 0.8384640413818326 0.3139939306432643 0.7747952176131606 0.2983981101003872 0.7747566502990756
0 0.5648691002178658 0.6265828185280177 0.6596192119523905 0.6262297815933787 0.6595624145221244 0.6109861559669164 0.5648123027875998 0.6113391929015554
0 0.2959687671453477 0.6278926777604129 0.4595294941911333 0.6274831099466261 0.4594834485261916 0.6090947938200925 0.295922721480406 0.6095043616338792
0 0.6456962602273861 0.814973094924853 0.6604809011554951 0.8149408811566905 0.6600480301244815 0.6162729473267339 0.6452633891963726 0.6163051610948964
0 0.7969561296336721 0.4013122290987788 0.8131540559641209 0.4013287413086056 0.8132352155811716 0.3217138677220525 0.7970372892507228 0.3216973555122257
0 0.9362907628569505 0.4336750899205252 0.9694751849346731 0.43276674623038086 0.9690527697053054 0.4173346962084726 0.9358683476275828 0.41824303989861694
0 0.6291567808327637 0.5176826198719553 0.941911466073576 0.5214767272936331 0.9421754354300537 0.4997172872401663 0.6294207501892414 0.49592317981848855
0 0.2061690917656456 0.8538531299698026 0.687191757353254 0.8517142189381829 0.6870499533017738 0.8198237093163251 0.20602728771416537 0.8219626203479445
0 0.5412577112775627 0.32408908856613466 0.6830127303211997 0.3241739760139903 0.6830270568269905 0.30024989592330625 0.5412720377833535 0.30016500847545063
0 0.9365452693482388 0.8557375827476759 0.9714439655172413 0.8563891882183908 0.9735497115216478 0.7436096102074188 0.9386510153526452 0.7429580047367039
0 0.5432558105563727 0.5233157500414047 0.5601337558353099 0.5236382605600927 0.566256995382348 0.20319072159250645 0.5493790501034108 0.20286821107381842
0 0.7782600146977269 0.32461961387817223 0.9338198458103631 0.327438996559369 0.9343054073603786 0.30064807058151405 0.7787455762477423 0.2978286879003173
0 0.1823064278793511 0.20308444944938628 0.2197141823808039 0.19916570837739125 0.2166411090659919 0.16983058007637056 0.17923335456453912 0.17374932114836558
0 0.9403106227791087 0.4308313361566365 0.9664455815405235 0.43146563724954645 0.9696186527335866 0.3007263310987651 0.9434836939721718 0.30009203000585516
0 0.9605546340067188 0.7538578753847301 0.9683650867214915 0.7538536011442275 0.9682795658986767 0.5975787396055042 0.960469113183904 0.5975830138460069
0 0.48471559437328715 0.8452616458474269 0.9355460472437006 0.8513716715679474 0.9359313115257607 0.8229448074759373 0.48510085865534724 0.8168347817554169
0 0.9412499587042972 0.6111860463459915 0.9651362582437778 0.6116920955064085 0.9681569417015866 0.4691111853282029 0.944270642162106 0.4686051361677858
0 0.17824317000697779 0.24507984700546812 0.2078479936917416 0.2432598121278086 0.20682035900760962 0.22654422936095645 0.1772155353228458 0.22836426423861597
0 0.9386403783252786 0.6174387791273119 0.9713357039078367 0.6165445019644289 0.9709599987575461 0.6028084895494459 0.938264673174988 0.6037027667123289
0 0.1813271396420116 0.8457496807632809 0.20527248109069915 0.8455568816833141 0.2019801840741412 0.43665878826146504 0.1780348426254537 0.436851587341432
0 0.543088126004925 0.20354325023893363 0.5783483344509404 0.20232142253666727 0.5773562909948919 0.1736924603819465 0.5420960825488765 0.17491428808421286
0 0.2981023262882408 0.7287244493585191 0.30583279120342827 0.7287242976417955 0.3058319021320168 0.6834231918234267 0.2981014372168293 0.6834233435401503
0 0.17896910919540227 0.23902209051724138 0.20590876436781608 0.23902209051724138 0.20590876436781608 0.45902927442528735 0.17896910919540227 0.45902927442528735
0 0.5774515086206897 0.32096354166666663 0.5471443965517242 0.32096354166666663 0.5471443965517242 0.19749012212643677 0.5774515086206897 0.19749012212643677
1 0.6638829022988506 0.8159797054597702 0.9130747126436782 0.8159797054597702 0.9130747126436782 0.6633216594827587 0.6638829022988506 0.6633216594827587
2 0.5448994252873562 0.23565463362068964 0.42928340517241376 0.23565463362068964 0.42928340517241376 0.463519216954023 0.5448994252873562 0.463519216954023
