0 0.5401648227592508 0.7257695272228202 0.5533204322872189 0.725727573273454 0.552792554674526 0.5601996109226266 0.5396369451465579 0.5602415648719927
0 0.5497280843344808 0.5681293517118945 0.7896012931034484 0.5679103807471265 0.7895895650574704 0.5550628142931171 0.5497163562885027 0.5552817852578851
0 0.780621408045977 0.5679103807471265 0.7925679068440273 0.5679055363664351 0.7924749762882974 0.33873387479425077 0.7805284774902472 0.3387387191749422
0 0.9017334765911743 0.346435450104344 0.9401548968016938 0.34300919228268706 0.9381188564776733 0.3201774134363054 0.8996974362671538 0.32360367125796236
0 0.7765359730608316 0.7159416416072809 0.9411469019729172 0.7145311021227859 0.9409601836316733 0.6927409431552923 0.7763492547195877 0.6941514826397873
0 0.43583537567194336 0.7392485989174384 0.45906452762517563 0.7392478854970959 0.4590616680330432 0.6461388217368584 0.43583251607981094 0.646139535157201
0 0.7747207962038469 0.7486602603012635 0.7975185511784733 0.7482055318169047 0.7964208044049788 0.6931701363509581 0.7736230494303524 0.6936248648353169
0 0.44044178902558034 0.5667842347588105 0.4539780890804597 0.5667878951149425 0.45404456154913225 0.32096720202279866 0.4405082614942529 0.32096354166666663
0 0.6539805344004899 0.34226147414831576 0.8063185299537579 0.3413470540971373 0.8061906882862777 0.3200492453417355 0.6538526927330097 0.320963665392914
0 0.06480576189240764 0.46575282831950093 0.08773307481351955 0.4655009786734735 0.08614067642012288 0.3205358503265867 0.06321336349901097 0.32078769997261414
0 0.06348312500018916 0.6640580083316423 0.08798060891238133 0.6638809614561154 0.08709287044506231 0.5410470579677962 0.06259538653287014 0.5412241048433231
0 0.914377938994012 0.6937181340134116 0.9377179657710545 0.6942005710500342 0.9450956470884465 0.33727258578181535 0.921755620311404 0.3367901487451929
0 0.06784303160919541 0.34116828304597696 0.5064817467579427 0.3462375020216069 0.5067349137931034 0.32433099856321834 0.06809619864435625 0.3192617795875884
0 0.0468722204721653 0.6610382571568942 0.4353871706025486 0.6678499957610771 0.43583334283464314 0.6424020752558255 0.04731839270425989 0.6355903366516427
0 0.4531073959886317 0.7418852155040585 0.7904980862243883 0.7475115790496527 0.7909133044660802 0.7226125891376651 0.4535226142303236 0.7169862255920709
0 0.7779384399112432 0.5114297911598694 0.826331552756324 0.5105061885001748 0.8260665392223627 0.4966205313727844 0.777673426377282 0.497544134032479
1 0.7761314655172413 0.5084186422413793 0.5594917385057472 0.5084186422413793 0.5594917385057472 0.3725978807471264 0.7761314655172413 0.3725978807471264
2 0.08804777298850575 0.5982174928160919 0.1935614224137931 0.5982174928160919 0.1935614224137931 0.39392510775862066 0.08804777298850575 0.39392510775862066
