0 0.7528143683323985 0.2779392854686894 0.8581637765683989 0.2774443508985633 0.8580729166666667 0.2581043462643678 0.7527235084306664 0.2585992808344939
0 0.5320961350825215 0.2782911819170969 0.6924679705500769 0.2784504021225699 0.6924905901524638 0.2556671935368521 0.5321187546849084 0.2555079733313791
0 0.24524795225461896 0.9029417619299617 0.31183661334502744 0.9012661392615801 0.31134671756425925 0.8817978516030583 0.2447580564738508 0.88347347427144
0 0.5262973507667649 0.7699781726343533 0.6791699652525779 0.7690223995731293 0.6790298024391067 0.7466038395421604 0.5261571879532937 0.7475596126033843
0 0.36302265536626 0.9041866493908851 0.5547607928190116 0.9038899055306527 0.5547252559992929 0.8809281376998989 0.3629871185465413 0.8812248815601312
0 0.6576985822984056 0.7604826235958112 0.679670154772152 0.7603318182339355 0.6783829225233717 0.572788641434096 0.6564113500496254 0.5729394467959718
0 0.24808347446351875 0.6761050477728725 0.5490154591740982 0.6814459520714036 0.5495042778787054 0.6539035782113194 0.2485722931681259 0.6485626739127883
0 0.6526676617660583 0.5624935372230458 0.8502155172413794 0.5645429238505747 0.8504703790655791 0.5399758625958375 0.6529225235902578 0.5379264759683087
0 0.4039729606218611 0.8865604917411617 0.426808708451676 0.8865141575431829 0.4264047969274248 0.6874469001884648 0.4035690490976099 0.6874932343864436
0 0.24319663241795855 0.7067099239699268 0.26727608169454875 0.7068568876847044 0.2703976964030269 0.19539211457684666 0.24631824712643674 0.19524515086206898
0 0.2492092745959233 0.1356357464260696 0.26617884404856956 0.1300020049825569 0.26134635036592974 0.1154458990626694 0.24437678091328346 0.1210796405061821
0 0.5319275964832735 0.5571634460646078 0.5586225509189443 0.5569199633322155 0.5553349360407872 0.1964725159419406 0.5286399816051164 0.196715998674333
0 0.530744966049954 0.9036764681437597 0.5525336952291108 0.9041056519628656 0.55703312538071 0.6756793677708521 0.5352443962015533 0.6752501839517462
0 0.24784263464548942 0.9032849840822644 0.27606541202004137 0.9031937180246655 0.27489612760237475 0.5416085386541875 0.24667335022782272 0.5416998047117864
0 0.8275695075722146 0.552037716931261 0.851055712901741 0.5524417371729727 0.85573110678478 0.2806552042303906 0.8322449014552536 0.2802511839886789
0 0.5383339351062836 0.13585092428817894 0.5589322348656435 0.12624369892712137 0.5541367107982574 0.1159618913780198 0.5335384110388975 0.12556911673907736
1 0.6672503591954024 0.5308683548850575 0.8221533764367817 0.5308683548850575 0.8221533764367817 0.3175960847701149 0.6672503591954024 0.3175960847701149
2 0.5224497126436782 0.23228717672413793 0.43377334770114945 0.23228717672413793 0.43377334770114945 0.5016837284482759 0.5224497126436782 0.5016837284482759
