0 0.504005971465516 0.8308895967315306 0.5208468279193322 0.8308880777246581 0.5208314032216789 0.6598782398392091 0.5039905467678626 0.6598797588460816
0 0.5007709599674554 0.17436116144053554 0.5227751717442289 0.17175614225029728 0.5207230709849983 0.15442235067494298 0.49871885920822473 0.15702736986518123
0 0.37922117056830323 0.836081311096955 0.4265212946798271 0.8352470839306984 0.4262221163274487 0.8182838708259575 0.3789219922159249 0.8191180979922142
0 0.6332560612752121 0.8353704126491781 0.7229417696304679 0.8337281242094223 0.7226548359797318 0.8180586187228922 0.632969127624476 0.819700907162648
0 0.4303283684986193 0.6717452022499569 0.4486744604517308 0.6717311689123734 0.44859963719672374 0.5739130762153141 0.4302535452436122 0.5739271095528976
0 0.4715907907235631 0.8362291888141999 0.5680233052189703 0.8350179129987978 0.5678120517981045 0.8181995316600432 0.47137953730269727 0.8194108074754454
0 0.6397774120709632 0.27831329143106875 0.7191047691428452 0.27796374043080985 0.7190231183626916 0.2594338532680279 0.6396957612908096 0.25978340426828683
0 0.3393214048288722 0.7998031736637403 0.35731085994864553 0.799754864953492 0.356765657529984 0.5967294810985277 0.33877620241021067 0.596777789808776
0 0.37620275528039276 0.8373502537963116 0.3851762683575238 0.8207523293065397 0.346417731932742 0.7997978880646504 0.337444218855611 0.8163958125544222
0 0.5073644270992014 0.5877343923371996 0.7172895487348921 0.5870652801394041 0.717229450693157 0.5682103126722609 0.5073043290574663 0.5688794248700564
0 0.23018476019547157 0.5867201912281766 0.4318302655513467 0.5857359315637863 0.4317447279865963 0.5682118308665499 0.2300992226307212 0.5691960905309402
0 0.5031462516122961 0.479749057671912 0.5216233172978878 0.47970603207358553 0.5211514626211023 0.2770710845972225 0.5026743969355106 0.277114110195549
0 0.3277732846584716 0.6812143107604726 0.5051732849667414 0.6807572939539638 0.5051205637607179 0.6602925280380504 0.327720563452448 0.6607495448445592
0 0.2284594513350528 0.2790169583541263 0.5289753166714775 0.2812357171114651 0.529137875897308 0.2592181695717465 0.22862201056088333 0.2569994108144077
0 0.7041022549878962 0.837041050984583 0.7227389472856206 0.8372767298939087 0.7273953188646428 0.4690665892818354 0.7087586265669185 0.4688309103725098
0 0.2395575518178002 0.17524176761857307 0.26670188894172636 0.17385846416464962 0.26588780931958994 0.15788391306647026 0.23874347219566378 0.15926721652039372
0 0.2351317772907022 0.5666787651014842 0.25480406251013765 0.566890822192497 0.2592556185527688 0.15392523956227708 0.23958333333333331 0.15371318247126436
0 0.7039796437253203 0.6688863359916687 0.72021780285244 0.6691533689205532 0.7268790875445161 0.2640834725868226 0.7106409284173965 0.26381643965793794
0 0.5037236185717333 0.29135044626199613 0.5231857639572686 0.2908880772195255 0.5220887688946974 0.24471310564077486 0.5026266235091621 0.24517547468324552
0 0.50391525500839 0.5912570905751731 0.5212343931596474 0.590576266672459 0.5202545476573205 0.565650467865989 0.5029354095060631 0.5663312917687031
0 0.5695941091954022 0.2771866020114942 0.48428520114942525 0.2771866020114942 0.48428520114942525 0.2581043462643678 0.5695941091954022 0.2581043462643678
1 0.7009249281609196 0.4410695043103448 0.5336745689655171 0.4410695043103448 0.5336745689655171 0.3007588002873563 0.7009249281609196 0.3007588002873563
2 0.5011224856321839 0.3232085129310345 0.427038433908046 0.3232085129310345 0.427038433908046 0.4657641882183908 0.5011224856321839 0.4657641882183908
