0 0.7291740495408123 0.28487672272995485 0.7480126703455723 0.28494132472327954 0.7483876627242023 0.17558960255309566 0.7295490419194424 0.17552500055977097
0 0.7291926018744772 0.5140866895455456 0.7479061544709478 0.5142105188133281 0.7486717827767069 0.3985058407050037 0.7299582301802363 0.3983820114372212
0 0.21946349144941182 0.8129628933997912 0.25658450875886185 0.811135423047926 0.25563595293993147 0.7918676100639539 0.21851493563048144 0.7936950804158192
0 0.2195385598273272 0.4075356216610396 0.23863665202656156 0.40751526678164096 0.23857305416154914 0.3478441743670976 0.21947496196231478 0.34786452924649625
0 0.8344838931749017 0.8174701099974971 0.8571904962334649 0.8057653254063889 0.8471332475950568 0.786254846514954 0.8244266445364936 0.7979596311060623
0 0.22250671934437796 0.4056637886378064 0.3910062325278356 0.4034037653192556 0.3907539074485298 0.3845912810948596 0.22225439426507212 0.3868513044134104
0 0.21907021559352757 0.2709469688870327 0.237359237068 0.2708389166638387 0.23676304065113185 0.1699261473677738 0.21847401917665943 0.17003419959096785
0 0.4662232733315861 0.8022640729963713 0.4851484940483528 0.8020571169967261 0.48318227762514 0.6222552274644442 0.46425705690837327 0.6224621834640893
0 0.8312978567788 0.5300557684996504 0.8570435488970521 0.5252154835347128 0.8530807671836024 0.5041372704407793 0.8273350750653502 0.5089775554057169
0 0.2944677237506359 0.8125398120151205 0.38278743612341126 0.8117677917392389 0.38263341150327035 0.7941472569240885 0.294313699130495 0.7949192771999701
0 0.46598651746751624 0.5242794457209946 0.4877369844944947 0.5232916934798485 0.48599019905088586 0.4848271903263687 0.4642397320239074 0.4858149425675148
0 0.3367688687801099 0.8094294459059892 0.3550956479401213 0.8092820162798489 0.35422640719416376 0.7012278645798506 0.3358996280341524 0.701375294205991
0 0.4679731308030291 0.38479276827159403 0.485705234307056 0.38472603295855445 0.48498128070362373 0.1923658020180178 0.46724917719959685 0.19243253733105734
0 0.41487954172883246 0.8095293294752918 0.780621408045977 0.8137347341954023 0.7808646243524557 0.7925823382262657 0.41512275803531107 0.7883769335061551
0 0.20721847254415787 0.1873128274193062 0.6208758477629446 0.192978238112294 0.621200855191743 0.16924796907994613 0.20754347997295625 0.16358255838695832
0 0.4711041833337364 0.518648207783296 0.768274066091954 0.524133441091954 0.7686564558844191 0.503416960424599 0.47148657312620135 0.49793172711594086
0 0.2167923787277963 0.6336380203108353 0.4799108056100172 0.63847652509284 0.48039194553673004 0.612312082495256 0.21727351865450914 0.6074735777132513
0 0.21404922936347126 0.8092340425103968 0.23544453791476774 0.8096351621789349 0.24182830459770116 0.4691316451149425 0.22043299604640468 0.46873052544640414
0 0.34028803262721363 0.18807526175201367 0.745886220058216 0.19335087229740994 0.7461934193610066 0.16973285134613086 0.3405952319300042 0.1644572408007346
0 0.7277145335529015 0.28896869376574125 0.7516107580968282 0.2882570251476873 0.7512732794430091 0.27692525431241427 0.7273770548990824 0.2776369229304682
1 0.6650053879310345 0.19973509339080459 0.5347970545977012 0.19973509339080459 0.5347970545977012 0.38045528017241376 0.6650053879310345 0.38045528017241376
2 0.7491918103448276 0.7856725933908046 0.5179597701149425 0.7856725933908046 0.5179597701149425 0.7037311422413793 0.7491918103448276 0.7037311422413793
