0 0.17013845253295096 0.7569202223169665 0.18591134105610474 0.7568254202879524 0.18562355231934397 0.7089439592015881 0.16985066379619018 0.7090387612306023
0 0.1315949353566585 0.5051105302166031 0.14708053099087737 0.504995554536345 0.1468050387510838 0.46789065186271206 0.13131944311686494 0.46800562754297004
0 0.8108295905761967 0.5147715460889845 0.8225456156191474 0.502026790288237 0.8101995479888667 0.4906772721178027 0.7984835229459161 0.5034220279185501
0 0.4277050117493426 0.7484577331640654 0.44331317154515915 0.7484152665480248 0.44282642803184635 0.5695177879235811 0.4272182682360298 0.5695602545396217
0 0.1694478614449729 0.5985336455430675 0.1845975206179443 0.598469827908764 0.1841893570303689 0.5015759316358875 0.1690396978573975 0.5016397492701911
0 0.4278375398669804 0.48717869894276516 0.44303627481763214 0.48712975646348 0.44223716885869785 0.23897314803795627 0.427038433908046 0.23902209051724138
0 0.24954961173147652 0.337215815870581 0.45138493651863965 0.33715384446787966 0.45137973196893244 0.32020309081810916 0.24954440718176932 0.3202650622208105
0 0.711448836068596 0.7529804481716821 0.7263233526028632 0.7524694336132794 0.7253186228471145 0.7232239471225074 0.7104441063128473 0.72373496168091
0 0.25767868728391075 0.4907684344949988 0.27270274609883294 0.490751972205319 0.27247118978746987 0.27942561915490355 0.2574471309725477 0.2794420814445833
0 0.13134627131210583 0.27023278682216095 0.14680256865105254 0.2696621904537316 0.1458125850798009 0.2428455451251657 0.1303562877408542 0.24341614149359508
0 0.12403988106894243 0.5078015204280406 0.2881371893910343 0.5078176270640891 0.2881387545282866 0.4918717269093007 0.12404144620619473 0.49185562027325225
0 0.1877960207693534 0.25802257955179686 0.4449825473952912 0.25832877901298634 0.4450038103264995 0.24046937651069072 0.18781728370056175 0.24016317704950121
0 0.7107606111805901 0.6601056603514414 0.7268644354404544 0.6599674988645335 0.7260901750285164 0.5697212668336172 0.709986350768652 0.569859428320525
0 0.6497014937732642 0.7586621428662644 0.824328670801518 0.7580351967442497 0.8242803635265404 0.7445798729723586 0.6496531864982867 0.7452068190943734
0 0.19903348205402474 0.7586935525234632 0.6376213812788661 0.7627394554581371 0.6377895641534033 0.7445079321567126 0.19920166492856187 0.7404620292220386
0 0.19662301183985986 0.510754019424223 0.7312320402298851 0.5095411278735632 0.7311900533488369 0.49103447270716466 0.19658102495881166 0.4922473642578245
0 0.7065671182989857 0.7598147982794846 0.7991458254230419 0.759450372700066 0.7990832828164318 0.7435620432656204 0.7065045756923756 0.743926468845039
0 0.7519288323013572 0.6576490461974533 0.7569758529991705 0.6576220037179945 0.7563807704360695 0.5465599238724319 0.7513337497382563 0.5465869663518907
1 0.5325520833333333 0.7340382543103449 0.648168103448276 0.7340382543103449 0.648168103448276 0.6049524066091955 0.5325520833333333 0.6049524066091955
1 0.32376975574712646 0.48147898706896547 0.4236709770114942 0.48147898706896547 0.4236709770114942 0.3568830818965517 0.32376975574712646 0.3568830818965517
2 0.35968929597701144 0.7374057112068966 0.24070581896551718 0.7374057112068966 0.24070581896551718 0.6812814295977012 0.35968929597701144 0.6812814295977012
