0 0.1605184949903194 0.7956270273984892 0.23337000197431323 0.7953054646846239 0.23329991326048932 0.7794265452562349 0.16044840627649548 0.7797481079701002
0 0.29871603769715055 0.535699374832454 0.31521574212170383 0.5357481080568035 0.31541338639800326 0.46883129342621294 0.29891368197345 0.46878256020186343
0 0.4699099011678267 0.7951686159715274 0.5677782422066411 0.7946582274490792 0.5676999144297075 0.7796386702909848 0.4698315733908931 0.780149058813433
0 0.6552952875419905 0.30624319008150147 0.671432010591054 0.3062095903910823 0.6711364637092302 0.16426905104360534 0.6549997406601668 0.1643026507340245
0 0.15304756160191352 0.6100032855741556 0.32710025234424167 0.6097372116768546 0.3270738423306579 0.592461056543154 0.15302115158832974 0.592727130440455
0 0.3748038407702516 0.609994122278361 0.5008491274597345 0.6089814442927258 0.5007147196392943 0.5922520668390706 0.3746694329498113 0.5932647448247058
0 0.6536941436534455 0.30609805279698904 0.7980295730219936 0.30559727285788435 0.7979773374790619 0.2905418784049458 0.6536419081105137 0.29104265834405046
0 0.157949703597172 0.49566789647145076 0.17249757376671562 0.49537812777836526 0.17188216481293847 0.46448145131068425 0.15733429464339485 0.46477122000376975
0 0.6294090114272755 0.5606884062794167 0.7964758018463411 0.5592260702132058 0.7963274158798535 0.5422734915706199 0.6292606254607878 0.5437358276368308
0 0.3162100645526061 0.795021132383975 0.4080910932779737 0.7942893899918487 0.4079734948651185 0.7795231781857882 0.3160924661397509 0.7802549205779145
0 0.5566124414502904 0.7654419753907713 0.5712232269099384 0.7653842195852909 0.5704612041414454 0.5726113702894655 0.5558504186817974 0.5726691260949459
0 0.3809117557155136 0.7787141116749263 0.39506439220448064 0.7787372343724137 0.3953458784473892 0.6064488378871464 0.3811932419584222 0.606425715189659
0 0.5678232745493978 0.17908320725089985 0.7805083851211447 0.17837629257530033 0.7804587050114542 0.16342934071891826 0.5677735944397073 0.1641362553945178
0 0.5553129545789244 0.48372755631731507 0.5704677387722744 0.48366034954527265 0.5690340945381778 0.1603808894923254 0.5538793103448276 0.16044809626436782
0 0.7672789552035738 0.7949644541842698 0.7929022685649071 0.7937343751444372 0.7922083876308988 0.7792804026501419 0.7665850742695656 0.7805104816899744
0 0.5549291952655313 0.7329064674466095 0.7654015782963355 0.7334691271404252 0.765445055146456 0.7172058753878632 0.5549726721156518 0.7166432156940474
0 0.17794640130840703 0.479282027873986 0.554069118210708 0.48223087604189463 0.5542127960220679 0.4639049108886788 0.17809007911976685 0.46095606272077017
0 0.15739519918884165 0.7610778872999143 0.17185408467702862 0.761088165960026 0.17199437295471304 0.563746088263135 0.15753548746652607 0.5637358096030233
0 0.7790213825682029 0.6050030523565464 0.7948100050530215 0.6049767256025325 0.7940912356321839 0.17391792385057472 0.7783026131473653 0.1739442506045886
0 0.7761311681409295 0.7820544958992746 0.7907237787356323 0.7823051364942529 0.7976728341868182 0.3777223903954244 0.7830802235921155 0.3774717498004461
1 0.17672413793103453 0.6824039152298851 0.3058099856321839 0.6824039152298851 0.3058099856321839 0.7778151939655172 0.17672413793103453 0.7778151939655172
1 0.39785380747126436 0.6767914870689655 0.5269396551724137 0.6767914870689655 0.5269396551724137 0.7722027658045977 0.39785380747126436 0.7722027658045977
1 0.7716415229885059 0.659954202586207 0.6414331896551724 0.659954202586207 0.6414331896551724 0.5600529813218391 0.7716415229885059 0.5600529813218391
2 0.7772539511494254 0.35127065373563215 0.7166397270114944 0.35127065373563215 0.7166397270114944 0.5185210129310345 0.7772539511494254 0.5185210129310345
