0 0.75917629015837 0.7914170603060637 0.7761590188949304 0.7912104163086835 0.7757563232144328 0.7581154723858918 0.7587735944778723 0.7583221163832721
0 0.10101189392862768 0.5119974873753083 0.11788324198634005 0.5118508784487784 0.11750937324704676 0.4688271023540008 0.10063802518933439 0.46897371128053067
0 0.14526458938560746 0.7961705499591569 0.16202685519000523 0.7960846845238321 0.16175041238822677 0.7421187585888167 0.144988146583829 0.7422046240241416
0 0.14429116355829893 0.6196378466779087 0.16094767161227228 0.6195897180593415 0.1606084097678119 0.5021768811052945 0.14395190171383856 0.5022250097238616
0 0.8640787023321063 0.5197343612879285 0.883278199789079 0.5147602600945479 0.8781591039880842 0.49500109899344363 0.8589596065311115 0.4999752001868241
0 0.1011653074542074 0.2415035981010957 0.11846114938106145 0.24087860023310845 0.11742873699273779 0.21230819641832874 0.10013289506588374 0.212933194286316
0 0.2343736340488083 0.32094521479509613 0.44238253724648013 0.3205153743260741 0.442343766502034 0.30175339026548126 0.23433486330436215 0.3021832307345033
0 0.09153506166654712 0.5135852836381763 0.26552014191173356 0.5128477290041288 0.2654442190436732 0.49493794214612535 0.09145913879848677 0.4956754967801729
0 0.7587475035667798 0.6781667002675006 0.775143853728934 0.6782021163869331 0.7753583933829883 0.5788782111170819 0.758962043220834 0.5788427949976495
0 0.4375829135769656 0.7808120467940028 0.45413317106189705 0.7807288852365967 0.45319628363906833 0.5942758104523961 0.4366460261541369 0.5943589720098023
0 0.1495561145338352 0.7967054245272001 0.5868656295602535 0.8003786011448906 0.587054834505624 0.7778528335294406 0.14974531947920575 0.7741796569117501
0 0.30348546670840215 0.5102570725301783 0.7794989224137931 0.5140310704022989 0.7796560837000389 0.49420835467646534 0.3036426279946479 0.49043435680434483
0 0.17456036251804266 0.229567254123151 0.45285560344827586 0.2300422054597701 0.4528868045926411 0.21176005880826454 0.1745915636624078 0.21128510747164542
0 0.10970924536642504 0.5120823606128196 0.5313426330797534 0.5158710759998016 0.5315271194750362 0.49534020580105964 0.10989373176170783 0.49155149041407775
0 0.24077755485247557 0.49537406520118427 0.2589709451940302 0.4956998577482414 0.2640388580732447 0.21268995447883896 0.24584546773169005 0.2123641619317818
0 0.43473437978494445 0.5108647774096322 0.4533053489634187 0.5112181528836837 0.45870866821539125 0.22725708977023834 0.440137699036917 0.226903714296187
0 0.2849523556979033 0.7953187425128824 0.878277658045977 0.8013873922413793 0.8784924375504617 0.7803886330218164 0.285167135202388 0.7743199832933194
1 0.3215247844827586 0.48484644396551724 0.43377334770114945 0.48484644396551724 0.43377334770114945 0.33780082614942525 0.3215247844827586 0.33780082614942525
1 0.5550017959770115 0.768835308908046 0.6863326149425288 0.768835308908046 0.6863326149425288 0.6240346623563219 0.5550017959770115 0.6240346623563219
2 0.3608117816091954 0.7722027658045977 0.22723599137931033 0.7722027658045977 0.22723599137931033 0.7104660560344828 0.3608117816091954 0.7104660560344828
