0 0.7241847376891724 0.5237672380239158 0.7654476428180541 0.5225665612815471 0.764919056408728 0.5044009634226174 0.7236561512798463 0.5056016401649861
0 0.8441198939869364 0.5237963130196148 0.8659457882488982 0.5217101500474886 0.8634086971690694 0.4951665470878071 0.8415828029071076 0.4972527100599334
0 0.11279159862708496 0.3903156179903517 0.13070240374514477 0.390331376068852 0.13075469355869843 0.33089819960608385 0.11284388844063861 0.33088244152758356
0 0.11216123197310403 0.7690138052116307 0.13126132415852163 0.7689707200354161 0.13108083810574575 0.6889594365943996 0.11198074592032815 0.6890025217706142
0 0.7277692755744919 0.7667261856781716 0.7465161158306136 0.7667694276712992 0.7466962138130203 0.6886909705413108 0.7279493735568986 0.6886477285481832
0 0.1114750048593014 0.5847962832077709 0.12972342739079723 0.5847680170758074 0.1295419344231159 0.4675973916426929 0.11129351189162007 0.4676256577746565
0 0.2675069134002232 0.4301898431975802 0.4285434503271505 0.4294471110608911 0.4284534890884853 0.40994203565526405 0.267416952161558 0.4106847677919531
0 0.11511404216554262 0.5286204257765285 0.34397449712643674 0.5275008979885057 0.3438609827746785 0.5042956265643278 0.1150005278137844 0.5054151543523506
0 0.37305454742593586 0.34835886361233814 0.42819150751344465 0.3479065657600715 0.428044395330717 0.3299729883468904 0.3729074352432082 0.330425286199157
0 0.11483344357442167 0.3497493751643461 0.34397449712643674 0.35014816810344823 0.3440102226959827 0.3296207368431351 0.11486916914396766 0.32922194390403303
0 0.41516897124899893 0.7477429588625837 0.43182935321803145 0.7477835430724478 0.4323355253254029 0.5399928609540057 0.4156751433563704 0.5399522767441416
0 0.4171735124565394 0.41509210724478285 0.4333037119350179 0.4151201588001543 0.4336112661384313 0.2382704053437181 0.4174810666599528 0.2382423537883467
0 0.4096339554182369 0.24489572269592927 0.8625628591954024 0.24912446120689655 0.8627389828439648 0.2302603269347584 0.40981007906679934 0.22603158842379112
0 0.11536520712721648 0.7696756199078338 0.7345994971264369 0.7744477370689655 0.7348095901554262 0.7471858733620912 0.11557530015620585 0.7424137562009594
0 0.7263980391219675 0.5957773797757446 0.7503142959770115 0.5959725215517242 0.7533574989056095 0.22300254863326485 0.7294412420505656 0.22280740685728526
0 0.413654199285754 0.52657623570557 0.6549030172413794 0.5263784123563219 0.6548850124177715 0.5044212347560632 0.41363619446214606 0.5046190581053113
1 0.19580639367816094 0.7374057112068966 0.32040229885057475 0.7374057112068966 0.32040229885057475 0.5712778376436782 0.19580639367816094 0.5712778376436782
1 0.439385775862069 0.622912176724138 0.610003591954023 0.622912176724138 0.610003591954023 0.7430181393678161 0.439385775862069 0.7430181393678161
2 0.6448006465517242 0.5028062140804598 0.49214260057471265 0.5028062140804598 0.49214260057471265 0.426477191091954 0.6448006465517242 0.426477191091954
